&SETUP
numatm = 6,
atmgrb = 't', 'u', 'v', 'w', 'r', 'z'
atmcat = 130, 131, 132, 135, 157, 129
atmnum = 130, 131, 132, 135, 157, 129
atmcnv = 1.0, 1.0, 1.0, 0.01, 1.0, 0.102
atmarl = 'TEMP', 'UWND', 'VWND', 'WWND', 'RELH', 'HGTS'
numsfc = 11,
sfcgrb = '2t', '10v', '10u', 'sp', 'blh', 'cape', 'z', 'tp', 'ishf', 'ssrd', 'slhf'
sfccat = 167, 166, 165, 134, 159, 59, 129, 228, 231, 169, 147
sfcnum = 167, 166, 165, 134, 159, 59, 129, 228, 231, 169, 147
sfccnv = 1.0, 1.0, 1.0, 0.01, 1.0, 1.0, 0.102, 1.0, -1.0, -0.00028, -0.00028
sfcarl = 'T02M', 'V10M', 'U10M', 'PRSS', 'PBLH', 'CAPE', 'SHGT', 'TPP1', 'SHTF', 'DSWF', 'LTHF'
numlev = 19
plev = 975, 950, 925, 900, 875, 850, 825, 800, 750, 700, 650, 500, 50, 350, 3, 250, 1000, 100, 1
/
